               -814.9889077423
         -0.000302071      -0.000012836       0.000000827
         -0.000012836      -0.000326303       0.000004213
          0.000000827       0.000004213       0.000002552
          72
  1     6      -0.028976219      -0.049339640       0.007075896  C
  1     6      -0.052271455       0.018829821       0.005010708  C
  1     6       0.032377498       0.010260267       0.019143725  C
  1     6      -0.062282116       0.004184329      -0.024368992  C
  1     6      -0.022223777       0.010657916       0.021570053  C
  1     6       0.032962061      -0.023790361      -0.019850007  C
  1     6       0.038248694      -0.001437120      -0.006119579  C
  1     6       0.021796040       0.082870479       0.020281732  C
  1     6      -0.057618406       0.011246858       0.023621281  C
  1     6       0.011669582       0.023539158       0.004765780  C
  1     6       0.041110348      -0.022282606      -0.002954300  C
  1     6      -0.050597410      -0.004598838      -0.017590221  C
  1     6       0.021737353       0.023141856       0.008519005  C
  1     6       0.093642340      -0.035870680       0.027365354  C
  1     6       0.027496894       0.002601673      -0.002516859  C
  1     6      -0.044864717      -0.021902897       0.014899534  C
  1     6      -0.011357281       0.035406988       0.009453727  C
  1     6      -0.014500521       0.078170781      -0.026246651  C
  1     6       0.026217062      -0.022422153       0.013995459  C
  1     6      -0.054113620      -0.021192652      -0.013346904  C
  1     6       0.032751353      -0.062331689      -0.006623421  C
  1     6       0.033971368       0.063212479      -0.015181279  C
  1     6       0.036238313      -0.041056808      -0.020848765  C
  1     6      -0.005651954       0.015409764       0.003372458  C
  1     6      -0.043257889      -0.019399300       0.016969809  C
  1     6      -0.044407582      -0.073511795      -0.007878995  C
  1     6      -0.014233054      -0.033404648      -0.006468906  C
  1     6      -0.109560815       0.001425912      -0.000267204  C
  1     6      -0.010500980       0.041971130      -0.005529405  C
  1     6       0.059509545       0.050878885       0.003872754  C
  1     6       0.007330278      -0.050224986      -0.009418400  C
  1     6       0.010265151      -0.004208030       0.002435465  C
  1     6      -0.002687422       0.049311060      -0.004333345  C
  1     6       0.022181359      -0.012893731       0.012481801  C
  1     6       0.065584814       0.009225798      -0.014291710  C
  1     6      -0.026155610      -0.027842473       0.012496500  C
  1     6      -0.022591699      -0.042267124      -0.000488144  C
  1     6       0.042160650       0.038278351       0.004268304  C
  1     6      -0.014248045      -0.018759036       0.002762803  C
  1     6       0.008852010       0.024198515      -0.011944745  C
  1     6      -0.022557160       0.026697064       0.014423886  C
  1     6      -0.027776113       0.022159374       0.014774672  C
  1     6       0.060028784       0.006607201      -0.003264510  C
  1     6      -0.019869684       0.032746075      -0.018463218  C
  1     6       0.066700287       0.002786863       0.000940806  C
  1     6       0.041667052      -0.099715969      -0.009742244  C
  1     6      -0.010665451       0.074499368      -0.000325095  C
  1     6      -0.064330129      -0.067396894      -0.000613348  C
  1     6      -0.014277253       0.018130112      -0.001419721  C
  1     6       0.021685549      -0.015066906      -0.012597372  C
  1     6       0.050252878      -0.028777980      -0.000778703  C
  1     6       0.003644304      -0.008937224      -0.006671693  C
  1     6       0.012227284       0.096964149       0.007770340  C
  1     6       0.000508759       0.015176751      -0.011149860  C
  1     6      -0.012500793      -0.046818767      -0.009085951  C
  1     6       0.033702659      -0.016445445      -0.004405388  C
  1     6      -0.008594484       0.050063169       0.020420558  C
  1     6       0.003292854      -0.006888391       0.005391942  C
  1     6      -0.028357042       0.004442910       0.014327990  C
  1     6       0.039042192       0.063533016       0.017155295  C
  1     6       0.011404607      -0.061263285      -0.029628588  C
  1     6      -0.024189420      -0.037197454      -0.003726486  C
  1     6      -0.064214978      -0.013808643       0.013955212  C
  1     6      -0.005999180      -0.024595429      -0.010504427  C
  1     6      -0.052936037      -0.105382279      -0.006888887  C
  1     6       0.008988034       0.038769920       0.022618512  C
  1     6       0.067437322       0.098372565      -0.008879503  C
  1     6       0.006900657       0.019706267      -0.011162763  C
  1     6      -0.002065113      -0.025832409      -0.019632556  C
  1     6      -0.008488203      -0.040031722       0.013739853  C
  1     6       0.026540402       0.020774600       0.005109180  C
  1     6      -0.058947200       0.002526237       0.000119032  C
