    15
     1   -0.090062   -0.051997    0.000000       0.040000
     2   -0.045031   -0.025999    0.000000       0.040000
     3    0.000000    0.000000    0.000000       0.040000
     4    0.045031    0.025999    0.000000       0.040000
     5    0.090062    0.051997    0.000000       0.040000
     6   -0.090062    0.000000    0.000000       0.080000
     7   -0.045031    0.025999    0.000000       0.080000
     8    0.000000    0.051997    0.000000       0.080000
     9    0.045031    0.077996    0.000000       0.080000
    10    0.090062    0.103995    0.000000       0.080000
    11   -0.090062    0.051997    0.000000       0.080000
    12   -0.045031    0.077996    0.000000       0.080000
    13    0.000000    0.103995    0.000000       0.080000
    14    0.045031    0.129994    0.000000       0.080000
    15    0.090062    0.155992    0.000000       0.080000
